[[0.00000000e+00 0.00000000e+00 0.00000000e+00 0.00000000e+00
  0.00000000e+00 0.00000000e+00 0.00000000e+00 0.00000000e+00
  0.00000000e+00 0.00000000e+00 0.00000000e+00 0.00000000e+00
  0.00000000e+00 0.00000000e+00 0.00000000e+00 0.00000000e+00
  0.00000000e+00 0.00000000e+00 0.00000000e+00 0.00000000e+00
  3.53553391e+00 0.00000000e+00 0.00000000e+00 0.00000000e+00
  0.00000000e+00 0.00000000e+00 0.00000000e+00 0.00000000e+00
  0.00000000e+00 0.00000000e+00 0.00000000e+00]
 [0.00000000e+00 6.63224228e-04 1.34215445e-03 2.05390294e-03
  2.81830910e-03 3.65982673e-03 4.61018604e-03 5.71238653e-03
  7.02698076e-03 8.64239580e-03 1.06926352e-02 1.33891069e-02
  1.70810152e-02 2.23773405e-02 3.04118032e-02 4.34685206e-02
  6.66032898e-02 1.12280652e-01 2.15010709e-01 4.82014050e-01
  1.28343588e+00 4.81351043e-01 2.13668873e-01 1.10227076e-01
  6.37852474e-02 3.98088592e-02 2.58016673e-02 1.66649031e-02
  1.00539239e-02 4.74660924e-03 0.00000000e+00]
 [0.00000000e+00 1.31019978e-03 2.65055276e-03 4.05382976e-03
  5.55782621e-03 7.20879155e-03 9.06619670e-03 1.12097601e-02
  1.37502682e-02 1.68468756e-02 2.07357633e-02 2.57793573e-02
  3.25540870e-02 4.20129509e-02 5.57977323e-02 7.68553832e-02
  1.10660433e-01 1.67505146e-01 2.65744799e-01 4.29606440e-01
  6.34841539e-01 4.28296670e-01 2.63094877e-01 1.63451963e-01
  1.05103134e-01 6.96469187e-02 4.67316349e-02 3.08030901e-02
  1.88036003e-02 8.93228029e-03 0.00000000e+00]
 [0.00000000e+00 1.92608426e-03 3.89444021e-03 5.95082572e-03
  8.14756944e-03 1.05479551e-02 1.32321740e-02 1.63058480e-02
  1.99127022e-02 2.42539641e-02 2.96187770e-02 3.64328295e-02
  4.53372115e-02 5.73167253e-02 7.39048342e-02 9.74889153e-02
  1.31672072e-01 1.81329015e-01 2.50851427e-01 3.35820169e-01
  3.98022290e-01 3.33894721e-01 2.46957919e-01 1.75379144e-01
  1.23525282e-01 8.69414436e-02 6.06728070e-02 4.10107285e-02
  2.54241863e-02 1.21785676e-02 0.00000000e+00]
 [0.00000000e+00 2.49837860e-03 5.04808671e-03 7.70439303e-03
  1.05297842e-02 1.35986340e-02 1.70033393e-02 2.08627595e-02
  2.53341652e-02 3.06304495e-02 3.70450923e-02 4.49881927e-02
  5.50371923e-02 6.80037507e-02 8.50077586e-02 1.07515205e-01
  1.37201884e-01 1.75279589e-01 2.20504195e-01 2.64793370e-01
  2.87526027e-01 2.62295824e-01 2.15457329e-01 1.67576447e-01
  1.26673121e-01 9.39172044e-02 6.80046114e-02 4.71407965e-02
  2.97026043e-02 1.43573534e-02 0.00000000e+00]
 [0.00000000e+00 3.01766294e-03 6.09233002e-03 9.28498892e-03
  1.26636265e-02 1.63075812e-02 2.03130258e-02 2.48001172e-02
  2.99224691e-02 3.58796809e-02 4.29335442e-02 5.14278487e-02
  6.18095154e-02 7.46430510e-02 9.05969050e-02 1.10351976e-01
  1.34330544e-01 1.62073408e-01 1.91082918e-01 2.15314084e-01
  2.24984191e-01 2.12297440e-01 1.84992080e-01 1.52789949e-01
  1.21668166e-01 9.40451686e-02 7.02841142e-02 4.98426956e-02
  3.18865295e-02 1.55476911e-02 0.00000000e+00]
 [0.00000000e+00 3.47792290e-03 7.01522008e-03 1.06749549e-02
  1.45262753e-02 1.86480148e-02 2.31329836e-02 2.80931744e-02
  3.36660237e-02 4.00216400e-02 4.73703263e-02 5.59684350e-02
  6.61179172e-02 7.81497702e-02 9.23724985e-02 1.08952975e-01
  1.27682829e-01 1.47588829e-01 1.66428681e-01 1.80385124e-01
  1.84789158e-01 1.76908392e-01 1.59415205e-01 1.36915662e-01
  1.13158013e-01 9.03058650e-02 6.92397897e-02 5.00563175e-02
  3.24512893e-02 1.59462378e-02 0.00000000e+00]
 [0.00000000e+00 3.87647439e-03 7.81179740e-03 1.18679783e-02
  1.61117413e-02 2.06171372e-02 2.54684226e-02 3.07631758e-02
  3.66154393e-02 4.31583171e-02 5.05447769e-02 5.89441901e-02
  6.85300948e-02 7.94515208e-02 9.17761671e-02 1.05390492e-01
  1.19845090e-01 1.34156894e-01 1.46644867e-01 1.54996244e-01
  1.56867375e-01 1.51121118e-01 1.38835044e-01 1.22290939e-01
  1.03735001e-01 8.47743794e-02 6.63080556e-02 4.86880299e-02
  3.19139714e-02 1.57852422e-02 0.00000000e+00]
 [0.00000000e+00 4.21355807e-03 8.48317599e-03 1.28674236e-02
  1.74280063e-02 2.22313301e-02 2.73499966e-02 3.28640409e-02
  3.88615262e-02 4.54377604e-02 5.26918438e-02 6.07184117e-02
  6.95912677e-02 7.93343007e-02 8.98743143e-02 1.00971977e-01
  1.12134639e-01 1.22533702e-01 1.30983143e-01 1.36073836e-01
  1.36550083e-01 1.31861767e-01 1.22502148e-01 1.09668514e-01
  9.47084575e-02 7.87417778e-02 6.25246614e-02 4.64699118e-02
  3.07289859e-02 1.52799545e-02 0.00000000e+00]
 [0.00000000e+00 4.49170941e-03 9.03517087e-03 1.36839707e-02
  1.84932494e-02 2.35202914e-02 2.88248208e-02 3.44687506e-02
  4.05149613e-02 4.70244272e-02 5.40506494e-02 6.16299002e-02
  6.97653374e-02 7.84028829e-02 8.73974962e-02 9.64712345e-02
  1.05170839e-01 1.12843643e-01 1.18664313e-01 1.21750822e-01
  1.21383258e-01 1.17260725e-01 1.09631504e-01 9.91620928e-02
  8.66795651e-02 7.29521681e-02 5.85730476e-02 4.39337556e-02
  2.92495582e-02 1.46047186e-02 0.00000000e+00]
 [0.00000000e+00 4.71501705e-03 9.47671664e-03 1.43329869e-02
  1.93318342e-02 2.45211444e-02 2.99480328e-02 3.56575277e-02
  4.16902140e-02 4.80783123e-02 5.48394899e-02 6.19675495e-02
  6.94191305e-02 7.70959177e-02 8.48229672e-02 9.23261386e-02
  9.92156500e-02 1.04988024e-01 1.09062632e-01 1.10865732e-01
  1.09956278e-01 1.06152431e-01 9.95884299e-02 9.06576145e-02
  7.98859193e-02 6.78062983e-02 5.48753306e-02 4.14379889e-02
  2.77280457e-02 1.38884340e-02 0.00000000e+00]
 [0.00000000e+00 4.88836753e-03 9.81828399e-03 1.48319673e-02
  1.99705506e-02 2.52731907e-02 3.07757296e-02 3.65086834e-02
  4.24942780e-02 4.87421818e-02 5.52435500e-02 6.19630228e-02
  6.88285189e-02 7.57191635e-02 8.24526784e-02 8.87751690e-02
  9.43583814e-02 9.88114789e-02 1.01714488e-01 1.02676134e-01
  1.01407716e-01 9.77895671e-02 9.18988420e-02 8.39822151e-02
  7.43900377e-02 6.35033465e-02 5.16773646e-02 3.92100594e-02
  2.63333274e-02 1.32199985e-02 0.00000000e+00]
 [0.00000000e+00 5.01674929e-03 1.00704420e-02 1.51982685e-02
  2.04354023e-02 2.58136315e-02 3.13595539e-02 3.70921565e-02
  4.30195880e-02 4.91349343e-02 5.54108510e-02 6.17930315e-02
  6.81927513e-02 7.44791900e-02 8.04729499e-02 8.59431229e-02
  9.06112041e-02 9.41655437e-02 9.62889830e-02 9.66988240e-02
  9.51922440e-02 9.16839390e-02 8.62212720e-02 7.89700743e-02
  7.01780868e-02 6.01309082e-02 4.91138264e-02 3.73865980e-02
  2.51722175e-02 1.26572249e-02 0.00000000e+00]
 [0.00000000e+00 5.10466156e-03 1.02426532e-02 1.54472512e-02
  2.07490602e-02 2.61743269e-02 3.17428450e-02 3.74653178e-02
  4.33400574e-02 4.93489484e-02 5.54526899e-02 6.15854934e-02
  6.76496753e-02 7.35109558e-02 7.89957504e-02 8.38922246e-02
  8.79571653e-02 9.09304680e-02 9.25578108e-02 9.26196472e-02
  9.09613750e-02 8.75168925e-02 8.23179511e-02 7.54860800e-02
  6.72104423e-02 5.77193469e-02 4.72533457e-02 3.60451925e-02
  2.43086506e-02 1.22356527e-02 0.00000000e+00]
 [0.00000000e+00 5.15565113e-03 1.03423399e-02 1.55908693e-02
  2.09289850e-02 2.63795087e-02 3.19580887e-02 3.76704625e-02
  4.35091588e-02 4.94496327e-02 5.54459403e-02 6.14262282e-02
  6.72885613e-02 7.28979119e-02 7.80854567e-02 8.26515612e-02
  8.63738135e-02 8.90209738e-02 9.03725559e-02 9.02419840e-02
  8.84993086e-02 8.50882611e-02 8.00330406e-02 7.34329998e-02
  6.54471919e-02 5.62735179e-02 4.61278133e-02 3.52269990e-02
  2.37784244e-02 1.19756933e-02 0.00000000e+00]
 [0.00000000e+00 5.17198387e-03 1.03742286e-02 1.56366960e-02
  2.09861635e-02 2.64442988e-02 3.20253625e-02 3.77334430e-02
  4.35591662e-02 4.94758981e-02 5.54355729e-02 6.13644541e-02
  6.71593722e-02 7.26852594e-02 7.77750696e-02 8.22333335e-02
  8.58444876e-02 8.83865680e-02 8.96497591e-02 8.94577293e-02
  8.76881133e-02 8.42876736e-02 7.92783553e-02 7.27527673e-02
  6.48606876e-02 5.57905002e-02 4.57501525e-02 3.49513661e-02
  2.35992279e-02 1.18876537e-02 0.00000000e+00]
 [0.00000000e+00 5.15444978e-03 1.03399634e-02 1.55873565e-02
  2.09243867e-02 2.63738869e-02 3.19515160e-02 3.76630210e-02
  4.35009393e-02 4.94407336e-02 5.54364662e-02 6.14162888e-02
  6.72782702e-02 7.28873855e-02 7.80748126e-02 8.26409169e-02
  8.63632854e-02 8.90106755e-02 9.03625975e-02 9.02324707e-02
  8.84903394e-02 8.50799281e-02 8.00254280e-02 7.34261828e-02
  6.54412364e-02 5.62684795e-02 4.61237372e-02 3.52239191e-02
  2.37763635e-02 1.19746628e-02 0.00000000e+00]
 [0.00000000e+00 5.10229837e-03 1.02379784e-02 1.54403411e-02
  2.07400147e-02 2.61632681e-02 3.17299158e-02 3.74506796e-02
  4.33238889e-02 4.93314429e-02 5.54340532e-02 6.15659415e-02
  6.76294318e-02 7.34902493e-02 7.89748123e-02 8.38712861e-02
  8.79364553e-02 9.09102102e-02 9.25382217e-02 9.26009335e-02
  9.09437317e-02 8.75005007e-02 8.23029763e-02 7.54726703e-02
  6.71987273e-02 5.77094360e-02 4.72453275e-02 3.60391340e-02
  2.43045967e-02 1.22336258e-02 0.00000000e+00]
 [0.00000000e+00 5.01330259e-03 1.00636239e-02 1.51881903e-02
  2.04222095e-02 2.57975023e-02 3.13406966e-02 3.70708067e-02
  4.29960062e-02 4.91094025e-02 5.53836694e-02 6.17645150e-02
  6.81632261e-02 7.44489897e-02 8.04424117e-02 8.59125842e-02
  9.05809986e-02 9.41359978e-02 9.62604124e-02 9.66715302e-02
  9.51665113e-02 9.16600316e-02 8.61994313e-02 7.89505163e-02
  7.01610004e-02 6.01164531e-02 4.91021320e-02 3.73777618e-02
  2.51663049e-02 1.26542686e-02 0.00000000e+00]
 [0.00000000e+00 4.88395301e-03 9.80955135e-03 1.48190591e-02
  1.99536533e-02 2.52525325e-02 3.07515771e-02 3.64813387e-02
  4.24640745e-02 4.87094808e-02 5.52087359e-02 6.19264991e-02
  6.87907031e-02 7.56804830e-02 8.24135652e-02 8.87360551e-02
  9.43196943e-02 9.87736366e-02 1.01677895e-01 1.02641176e-01
  1.01374758e-01 9.77589466e-02 9.18708684e-02 8.39571653e-02
  7.43681535e-02 6.34848325e-02 5.16623863e-02 3.91987419e-02
  2.63257546e-02 1.32162121e-02 0.00000000e+00]
 [0.00000000e+00 4.70978566e-03 9.46636810e-03 1.43176901e-02
  1.93118102e-02 2.44966636e-02 2.99194112e-02 3.56251231e-02
  4.16544217e-02 4.80395603e-02 5.47982338e-02 6.19242673e-02
  6.93743173e-02 7.70500797e-02 8.47766165e-02 9.22797870e-02
  9.91698042e-02 1.04943180e-01 1.09019268e-01 1.10824306e-01
  1.09917221e-01 1.06116145e-01 9.95552801e-02 9.06279295e-02
  7.98599856e-02 6.77843585e-02 5.48575808e-02 4.14245774e-02
  2.77190716e-02 1.38839469e-02 0.00000000e+00]
 [0.00000000e+00 4.48584460e-03 9.02356933e-03 1.36668217e-02
  1.84708009e-02 2.34928464e-02 2.87927336e-02 3.44324225e-02
  4.04748353e-02 4.69809831e-02 5.40043980e-02 6.15813775e-02
  6.97150982e-02 7.83514949e-02 8.73455333e-02 9.64192707e-02
  1.05119442e-01 1.12793369e-01 1.18615698e-01 1.21704380e-01
  1.21339472e-01 1.17220045e-01 1.09594340e-01 9.91288136e-02
  8.66504915e-02 7.29275718e-02 5.85531486e-02 4.39187201e-02
  2.92394975e-02 1.45996882e-02 0.00000000e+00]
 [0.00000000e+00 4.20727242e-03 8.47074197e-03 1.28490441e-02
  1.74039470e-02 2.22019158e-02 2.73156070e-02 3.28251060e-02
  3.88185210e-02 4.53911989e-02 5.26422737e-02 6.06664072e-02
  6.95374236e-02 7.92792253e-02 8.98186229e-02 1.00916284e-01
  1.12079554e-01 1.22479820e-01 1.30931039e-01 1.36024061e-01
  1.36503155e-01 1.31818168e-01 1.22462318e-01 1.09632847e-01
  9.46772977e-02 7.87154167e-02 6.25033347e-02 4.64537975e-02
  3.07182033e-02 1.52745632e-02 0.00000000e+00]
 [0.00000000e+00 3.87000568e-03 7.79900125e-03 1.18490636e-02
  1.60869813e-02 2.05868662e-02 2.54330315e-02 3.07231070e-02
  3.65711816e-02 4.31103996e-02 5.04937631e-02 5.88906711e-02
  6.84746826e-02 7.93948414e-02 9.17188537e-02 1.05333178e-01
  1.19788401e-01 1.34101443e-01 1.46591246e-01 1.54945020e-01
  1.56819081e-01 1.51076249e-01 1.38794054e-01 1.22254234e-01
  1.03702934e-01 8.47472506e-02 6.62861077e-02 4.86714463e-02
  3.19028748e-02 1.57796938e-02 0.00000000e+00]
 [0.00000000e+00 3.47152965e-03 7.00257321e-03 1.06562608e-02
  1.45018042e-02 1.86180970e-02 2.30980054e-02 2.80535730e-02
  3.36222823e-02 3.99742816e-02 4.73199077e-02 5.59155404e-02
  6.60631515e-02 7.80937522e-02 9.23158539e-02 1.08896330e-01
  1.27626802e-01 1.47534025e-01 1.66375686e-01 1.80334498e-01
  1.84741427e-01 1.76864047e-01 1.59374693e-01 1.36879384e-01
  1.13126320e-01 9.02790527e-02 6.92180979e-02 5.00399274e-02
  3.24403222e-02 1.59407542e-02 0.00000000e+00]
 [0.00000000e+00 3.01161957e-03 6.08037528e-03 9.26731790e-03
  1.26404946e-02 1.62793007e-02 2.02799618e-02 2.47626832e-02
  2.98811215e-02 3.58349143e-02 4.28858849e-02 5.13778489e-02
  6.17577469e-02 7.45900987e-02 9.05433604e-02 1.10298431e-01
  1.34277583e-01 1.62021604e-01 1.91032824e-01 2.15266229e-01
  2.24939072e-01 2.12255522e-01 1.84953785e-01 1.52755656e-01
  1.21638207e-01 9.40198237e-02 7.02636097e-02 4.98272026e-02
  3.18761626e-02 1.55425076e-02 0.00000000e+00]
 [0.00000000e+00 2.49297021e-03 5.03738805e-03 7.68857870e-03
  1.05090828e-02 1.35733250e-02 1.69737494e-02 2.08292586e-02
  2.52971621e-02 3.05903865e-02 3.70024406e-02 4.49434464e-02
  5.49908631e-02 6.79563622e-02 8.49598400e-02 1.07467286e-01
  1.37154487e-01 1.75233228e-01 2.20459364e-01 2.64750542e-01
  2.87485649e-01 2.62258310e-01 2.15423058e-01 1.67545758e-01
  1.26646310e-01 9.38945226e-02 6.79862613e-02 4.71269313e-02
  2.96933266e-02 1.43527145e-02 0.00000000e+00]
 [0.00000000e+00 1.92160111e-03 3.88557181e-03 5.93771681e-03
  8.13040950e-03 1.05269758e-02 1.32076462e-02 1.62780783e-02
  1.98820294e-02 2.42207549e-02 2.95834219e-02 3.63957382e-02
  4.52988081e-02 5.72774438e-02 7.38651133e-02 9.74491937e-02
  1.31632783e-01 1.81290585e-01 2.50814265e-01 3.35784668e-01
  3.97988819e-01 3.33863625e-01 2.46929511e-01 1.75353706e-01
  1.23503058e-01 8.69226421e-02 6.06575962e-02 4.09992353e-02
  2.54164959e-02 1.21747223e-02 0.00000000e+00]
 [0.00000000e+00 1.30693160e-03 2.64408778e-03 4.04427349e-03
  5.54531678e-03 7.19349784e-03 9.04831616e-03 1.11895162e-02
  1.37279080e-02 1.68226664e-02 2.07099898e-02 2.57523182e-02
  3.25260914e-02 4.19843151e-02 5.57687762e-02 7.68264266e-02
  1.10631792e-01 1.67477131e-01 2.65717708e-01 4.29580560e-01
  6.34817139e-01 4.28274002e-01 2.63074168e-01 1.63433418e-01
  1.05086933e-01 6.96332126e-02 4.67205464e-02 3.07947117e-02
  1.87979941e-02 8.92947716e-03 0.00000000e+00]
 [0.00000000e+00 6.61454470e-04 1.33865358e-03 2.04872811e-03
  2.81153509e-03 3.65154501e-03 4.60050352e-03 5.70142426e-03
  7.01487247e-03 8.62928627e-03 1.06786785e-02 1.33744649e-02
  1.70658552e-02 2.23618339e-02 3.03961231e-02 4.34528403e-02
  6.65877806e-02 1.12265482e-01 2.14996039e-01 4.82000036e-01
  1.28342267e+00 4.81338768e-01 2.13657659e-01 1.10217034e-01
  6.37764744e-02 3.98014372e-02 2.57956628e-02 1.66603661e-02
  1.00508881e-02 4.74509131e-03 0.00000000e+00]
 [0.00000000e+00 0.00000000e+00 0.00000000e+00 0.00000000e+00
  0.00000000e+00 0.00000000e+00 0.00000000e+00 0.00000000e+00
  0.00000000e+00 0.00000000e+00 0.00000000e+00 0.00000000e+00
  0.00000000e+00 0.00000000e+00 0.00000000e+00 0.00000000e+00
  0.00000000e+00 0.00000000e+00 0.00000000e+00 0.00000000e+00
  3.53553391e+00 0.00000000e+00 0.00000000e+00 0.00000000e+00
  0.00000000e+00 0.00000000e+00 0.00000000e+00 0.00000000e+00
  0.00000000e+00 0.00000000e+00 0.00000000e+00]]